- Type: 1
  Flag: 0
  Id: 13
  Teleport:
    Place: 4
    Door: 1
    World: 0
    Unknown: 0
  Unk20: 0
  Unk24: 0
  Entities:
  - ObjectId: 566
    PositionX: 799.9998779296875
    PositionY: 160
    PositionZ: 2000.0009765625
    RotationX: 0
    RotationY: 1.5707963705062866
    RotationZ: 0
    SpawnType: 1
    SpawnArgument: 50
    Serial: 5
    Argument1: 0
    Argument2: 0
    ReactionCommand: 0
    SpawnDelay: 0
    Command: 0
    SpawnRange: 0
    Level: 0
    Medal: 0
  - ObjectId: 567
    PositionX: 699.9998779296875
    PositionY: 160
    PositionZ: 1900.0009765625
    RotationX: 0
    RotationY: 1.5707963705062866
    RotationZ: 0
    SpawnType: 1
    SpawnArgument: 50
    Serial: 6
    Argument1: 0
    Argument2: 0
    ReactionCommand: 0
    SpawnDelay: 0
    Command: 0
    SpawnRange: 0
    Level: 0
    Medal: 0
  - ObjectId: 568
    PositionX: 699.9998779296875
    PositionY: 160
    PositionZ: 2100.0009765625
    RotationX: 0
    RotationY: 1.5707963705062866
    RotationZ: 0
    SpawnType: 1
    SpawnArgument: 50
    Serial: 7
    Argument1: 0
    Argument2: 0
    ReactionCommand: 0
    SpawnDelay: 0
    Command: 0
    SpawnRange: 0
    Level: 0
    Medal: 0
  EventActivators: []
  WalkPath: []
  ReturnParameters: []
  Signals: []
