- Type: 1
  Flag: 0
  Id: 55
  Teleport:
    Place: 0
    Door: 0
    World: 0
    Unknown: 0
  Unk20: 0
  Unk24: 0
  Entities:
  - ObjectId: 566
    PositionX: -967.57708740234375
    PositionY: 0.00010141039820155129
    PositionZ: -557.45428466796875
    RotationX: 0
    RotationY: -1.5707961320877075
    RotationZ: 0
    SpawnType: 1
    SpawnArgument: 55
    Serial: 50
    Argument1: 0
    Argument2: 0
    ReactionCommand: 0
    SpawnDelay: 0
    Command: 0
    SpawnRange: 0
    Level: 0
    Medal: 0
  EventActivators: []
  WalkPath: []
  ReturnParameters: []
  Signals: []
